DateTime,Entries,UniqueIPs
1501265567,8,2576
1501265567,8,2576
1508182070,11,3216
1522700598,17,6104
1527797429,16,5848
1527797429,16,5848
1527797429,16,5848
1527797429,16,5848
1527797429,16,5848
1527797429,16,5848
1534488359,17,22232
1536380194,22,23768
1575217103,26,24792
1598977283,26,24920
1612116925,27,41304
1619802999,28,43352
